          10      8.57152
 6.28319e-06  0.000124266     6.28345e-06  0.000124269
 6.44026e-06   0.00013604     6.44056e-06  0.000136043
 6.60127e-06  0.000148897      6.6016e-06    0.0001489
  6.7663e-06  0.000162933     6.76667e-06  0.000162937
 6.93546e-06  0.000178251     6.93587e-06  0.000178255
 7.10885e-06  0.000194963     7.10931e-06  0.000194969
 7.28657e-06  0.000213192     7.28709e-06  0.000213199
 7.46873e-06  0.000233068     7.46931e-06  0.000233076
 7.65545e-06  0.000254734      7.6561e-06  0.000254744
 7.84684e-06  0.000278344     7.84757e-06  0.000278355
 8.04301e-06  0.000304062     8.04382e-06  0.000304076
 8.24408e-06  0.000332069       8.245e-06  0.000332085
 8.45019e-06  0.000362557     8.45121e-06  0.000362577
 8.66144e-06  0.000395735     8.66258e-06  0.000395758
 8.87798e-06  0.000431827     8.87925e-06  0.000431855
 9.09993e-06  0.000471075     9.10135e-06  0.000471109
 9.32742e-06   0.00051374     9.32902e-06   0.00051378
 9.56061e-06  0.000560101     9.56239e-06  0.000560148
 9.79962e-06  0.000610459     9.80162e-06  0.000610516
 1.00446e-05  0.000665139     1.00468e-05  0.000665207
 1.02957e-05  0.000724487     1.02982e-05  0.000724567
 1.05531e-05  0.000788875     1.05559e-05  0.000788971
  1.0817e-05  0.000858704       1.082e-05  0.000858818
 1.10874e-05  0.000934402     1.10908e-05  0.000934537
 1.13646e-05   0.00101643     1.13684e-05   0.00101659
 1.16487e-05   0.00110527      1.1653e-05   0.00110546
 1.19399e-05   0.00120145     1.19447e-05   0.00120168
 1.22384e-05   0.00130554     1.22437e-05   0.00130581
 1.25443e-05   0.00141813     1.25503e-05   0.00141845
  1.2858e-05   0.00153986     1.28646e-05   0.00154024
 1.31794e-05   0.00167141     1.31867e-05   0.00167186
 1.35089e-05   0.00181351     1.35171e-05   0.00181404
 1.38466e-05   0.00196693     1.38557e-05   0.00196755
 1.41928e-05   0.00213249     1.42029e-05   0.00213323
 1.45476e-05   0.00231107     1.45588e-05   0.00231193
 1.49113e-05   0.00250359     1.49237e-05   0.00250461
 1.52841e-05   0.00271103     1.52979e-05   0.00271224
 1.56662e-05   0.00293446     1.56815e-05   0.00293587
 1.60578e-05   0.00317496     1.60748e-05   0.00317662
 1.64593e-05   0.00343371     1.64781e-05   0.00343567
 1.68708e-05   0.00371195     1.68916e-05   0.00371425
 1.72925e-05   0.00401099     1.73156e-05    0.0040137
 1.77248e-05   0.00433222     1.77504e-05    0.0043354
  1.8168e-05   0.00467709     1.81963e-05   0.00468082
 1.86222e-05   0.00504715     1.86535e-05   0.00505151
 1.90877e-05   0.00544402     1.91223e-05   0.00544913
 1.95649e-05    0.0058694     1.96031e-05   0.00587537
  2.0054e-05   0.00632509     2.00963e-05   0.00633207
 2.05554e-05   0.00681298      2.0602e-05   0.00682114
 2.10693e-05   0.00733505     2.11207e-05   0.00734457
  2.1596e-05   0.00789338     2.16527e-05   0.00790448
 2.21359e-05   0.00849015     2.21985e-05   0.00850309
 2.26893e-05   0.00912764     2.27582e-05    0.0091427
 2.32565e-05   0.00980824     2.33324e-05   0.00982576
 2.38379e-05    0.0105344     2.39215e-05    0.0105548
 2.44339e-05    0.0113089     2.45258e-05    0.0113325
 2.50447e-05    0.0121342     2.51458e-05    0.0121617
 2.56708e-05    0.0130134      2.5782e-05    0.0130452
 2.63126e-05    0.0139493     2.64347e-05    0.0139861
 2.69704e-05     0.014945     2.71045e-05    0.0149877
 2.76447e-05    0.0160037     2.77918e-05    0.0160531
 2.83358e-05    0.0171288     2.84972e-05    0.0171859
 2.90442e-05    0.0183237     2.92212e-05    0.0183896
 2.97703e-05    0.0195921     2.99642e-05    0.0196681
 3.05146e-05    0.0209376     3.07269e-05    0.0210252
 3.12774e-05    0.0223641     3.15099e-05     0.022465
 3.20594e-05    0.0238756     3.23137e-05    0.0239917
 3.28609e-05    0.0254762      3.3139e-05    0.0256098
 3.36824e-05    0.0271703     3.39864e-05    0.0273237
 3.45244e-05    0.0289623     3.48566e-05    0.0291383
 3.53875e-05    0.0308567     3.57502e-05    0.0310586
 3.62722e-05    0.0328581      3.6668e-05    0.0330895
  3.7179e-05    0.0349716     3.76107e-05    0.0352365
 3.81085e-05    0.0372021     3.85791e-05    0.0375051
 3.90612e-05    0.0395547      3.9574e-05     0.039901
 4.00378e-05    0.0420347     4.05962e-05    0.0424303
 4.10387e-05    0.0446477     4.16466e-05     0.045099
 4.20647e-05    0.0473991      4.2726e-05    0.0479137
 4.31163e-05    0.0502947     4.38355e-05     0.050881
 4.41942e-05    0.0533405     4.49759e-05    0.0540079
 4.52991e-05    0.0565426     4.61483e-05    0.0573015
 4.64315e-05     0.059907     4.73536e-05    0.0607694
 4.75923e-05    0.0634401     4.85931e-05    0.0644195
 4.87821e-05    0.0671486     4.98677e-05    0.0682597
 5.00017e-05     0.071039     5.11788e-05    0.0722986
 5.12517e-05    0.0751181     5.25274e-05    0.0765449
  5.2533e-05     0.079393     5.39149e-05    0.0810078
 5.38463e-05    0.0838707     5.53425e-05     0.085697
 5.51925e-05    0.0885585     5.68117e-05    0.0906223
 5.65723e-05    0.0934639     5.83239e-05    0.0957942
 5.79866e-05    0.0985944     5.98806e-05     0.101224
 5.94363e-05     0.103958     6.14833e-05     0.106922
 6.09222e-05     0.109562     6.31337e-05     0.112901
 6.24452e-05     0.115414     6.48334e-05     0.119174
 6.40064e-05     0.121524     6.65842e-05     0.125753
 6.56065e-05     0.127899     6.83879e-05     0.132652
 6.72467e-05     0.134547     7.02465e-05     0.139886
 6.89279e-05     0.141478      7.2162e-05      0.14747
 7.06511e-05       0.1487     7.41365e-05     0.155421
 7.24173e-05     0.156222     7.61722e-05     0.163755
 7.42278e-05     0.164052     7.82713e-05     0.172489
 7.60835e-05     0.172201     8.04364e-05     0.181644
 7.79855e-05     0.180677     8.26699e-05      0.19124
 7.99352e-05      0.18949     8.49744e-05     0.201296
 8.19336e-05      0.19865     8.73528e-05     0.211838
 8.39819e-05     0.208166     8.98079e-05     0.222887
 8.60815e-05     0.218047     9.23428e-05     0.234471
 8.82335e-05     0.228305     9.49608e-05     0.246617
 9.04393e-05     0.238949     9.76652e-05     0.259353
 9.27003e-05     0.249989      0.00010046     0.272712
 9.50178e-05     0.261436     0.000103348     0.286728
 9.73933e-05     0.273299     0.000106333     0.301435
 9.98281e-05     0.285591     0.000109421     0.316874
 0.000102324      0.29832     0.000112615     0.333086
 0.000104882     0.311499      0.00011592     0.350117
 0.000107504     0.325138     0.000119341     0.368017
 0.000110192     0.339247     0.000122883     0.386838
 0.000112946     0.353839     0.000126551     0.406639
  0.00011577     0.368924     0.000130353     0.427485
 0.000118664     0.384513     0.000134293     0.449444
 0.000121631     0.400618     0.000138379     0.472594
 0.000124672     0.417251     0.000142619     0.497019
 0.000127788     0.434422     0.000147019     0.522812
 0.000130983     0.452143     0.000151589     0.550078
 0.000134258     0.470426     0.000156336     0.578931
 0.000137614     0.489282     0.000161272     0.609501
 0.000141054     0.508724     0.000166407     0.641932
 0.000144581     0.528762     0.000171752     0.676387
 0.000148195     0.549409      0.00017732      0.71305
   0.0001519     0.570677     0.000183125      0.75213
 0.000155698     0.592577     0.000189182     0.793863
  0.00015959     0.615121     0.000195507     0.838522
  0.00016358      0.63832      0.00020212     0.886416
 0.000167669     0.662188     0.000209041     0.937903
 0.000171861     0.686734     0.000216293     0.993395
 0.000176158     0.711972     0.000223902      1.05337
 0.000180562     0.737913     0.000231896      1.11838
 0.000185076     0.764569     0.000240309      1.18907
 0.000189703     0.791951     0.000249175      1.26619
 0.000194445      0.82007     0.000258538      1.35061
 0.000199306      0.84894     0.000268442      1.44337
 0.000204289     0.878569     0.000278941      1.54567
 0.000209396     0.908971     0.000290093      1.65892
 0.000214631     0.940156     0.000301965      1.78478
 0.000219997     0.972136     0.000314631       1.9252
 0.000225497      1.00492     0.000328176      2.08248
 0.000231134      1.03852     0.000342694      2.25931
 0.000236913      1.07295     0.000358289      2.45888
 0.000242835      1.10822     0.000375078      2.68492
 0.000248906      1.14433     0.000393188       2.9418
 0.000255129       1.1813     0.000412762      3.23467
 0.000261507      1.21914     0.000433951      3.56954
 0.000268045      1.25786     0.000456923      3.95344
 0.000274746      1.29746     0.000481856      4.39459
 0.000281615      1.33796     0.000508941       4.9025
 0.000288655      1.37937     0.000538379      5.48824
 0.000295871      1.42169     0.000570383      6.16457
 0.000303268      1.46493     0.000605173      6.94618
  0.00031085      1.50911     0.000642978      7.84986
 0.000318621      1.55422     0.000684031      8.89475
 0.000326587      1.60028      0.00072857      10.1025
 0.000334751       1.6473     0.000776833      11.4973
  0.00034312      1.69528     0.000829057      13.1064
 0.000351698      1.74422     0.000885475      14.9595
  0.00036049      1.79414     0.000946313      17.0893
 0.000369503      1.84505      0.00101178       19.531
  0.00037874      1.89693      0.00108209      22.3219
 0.000388209      1.94981      0.00115741      25.5011
 0.000397914      2.00369       0.0012379      29.1086
 0.000407862      2.05857       0.0013237      33.1845
 0.000418058      2.11445       0.0014149      37.7676
  0.00042851      2.17134      0.00151158      42.8945
 0.000439223      2.22925      0.00161376      48.5976
 0.000450203      2.28817      0.00172143      54.9038
 0.000461458      2.34811      0.00183455      61.8334
 0.000472995      2.40906      0.00195303       69.398
  0.00048482      2.47104      0.00207677      77.6003
  0.00049694      2.53404      0.00220561      86.4329
 0.000509364      2.59807       0.0023394      95.8788
 0.000522098      2.66312      0.00247795      105.911
  0.00053515      2.72919       0.0026211      116.496
 0.000548529      2.79628      0.00276866      127.591
 0.000562242       2.8644      0.00292048       139.15
 0.000576298      2.93353      0.00307642      151.123
 0.000590706      3.00368      0.00323638      163.462
 0.000605473      3.07485      0.00340029      176.118
  0.00062061      3.14702      0.00356811      189.046
 0.000636125      3.22021      0.00373986      202.206
 0.000652028      3.29439      0.00391557      215.564
 0.000668329      3.36958      0.00409535      229.091
 0.000685037      3.44576       0.0042793      242.767
 0.000702163      3.52293      0.00446758      256.575
 0.000719717      3.60108      0.00466038      270.506
  0.00073771       3.6802      0.00485791      284.556
 0.000756153       3.7603       0.0050604      298.726
 0.000775057      3.84135      0.00526809      313.021
 0.000794433      3.92336      0.00548125      327.448
 0.000814294      4.00631      0.00570016      342.018
 0.000834652       4.0902       0.0059251      356.743
 0.000855518      4.17501      0.00615637      371.637
 0.000876906      4.26074      0.00639426      386.715
 0.000898828      4.34738       0.0066391      401.992
 0.000921299      4.43491      0.00689118      417.484
 0.000944332      4.52332      0.00715083      433.206
  0.00096794       4.6126      0.00741836      449.173
 0.000992138      4.70275      0.00769411        465.4
  0.00101694      4.79374       0.0079784      481.902
  0.00104237      4.88557      0.00827156      498.692
  0.00106842      4.97822      0.00857393      515.783
  0.00109514      5.07168      0.00888585      533.188
  0.00112251      5.16593      0.00920768      550.919
  0.00115058      5.26096      0.00953975      568.987
  0.00117934      5.35676      0.00988244      587.403
  0.00120882       5.4533       0.0102361      606.176
  0.00123904      5.55058       0.0106011      625.316
  0.00127002      5.64858       0.0109779      644.832
  0.00130177      5.74729       0.0113667      664.731
  0.00133432      5.84668       0.0117681      685.023
  0.00136767      5.94673       0.0121823      705.714
  0.00140187      6.04745       0.0126099      726.811
  0.00143691       6.1488       0.0130513      748.321
  0.00147284      6.25077       0.0135068      770.249
  0.00150966      6.35334       0.0139769      792.602
   0.0015474      6.45649       0.0144622      815.384
  0.00158608      6.56021       0.0149629      838.602
  0.00162573      6.66448       0.0154797      862.258
  0.00166638      6.76928        0.016013       886.36
  0.00170804      6.87459       0.0165633      910.909
  0.00175074      6.98039       0.0171312      935.911
  0.00179451      7.08667       0.0177171      961.369
  0.00183937       7.1934       0.0183216      987.286
  0.00188535      7.30057       0.0189453      1013.67
  0.00193249      7.40816       0.0195887      1040.51
   0.0019808      7.51614       0.0202524      1067.83
  0.00203032      7.62451       0.0209371      1095.62
  0.00208108      7.73323       0.0216433      1123.88
   0.0021331       7.8423       0.0223717      1152.61
  0.00218643      7.95169        0.023123      1181.83
  0.00224109      8.06138       0.0238978      1211.53
  0.00229712      8.17136       0.0246968      1241.71
  0.00235455       8.2816       0.0255207      1272.38
  0.00241341      8.39208       0.0263703      1303.53
  0.00247375       8.5028       0.0272464      1335.17
  0.00253559      8.61372       0.0281496       1367.3
  0.00259898      8.72483       0.0290808      1399.92
  0.00266396       8.8361       0.0300409      1433.03
  0.00273055      8.94753       0.0310306      1466.63
  0.00279882      9.05909       0.0320508      1500.73
  0.00286879      9.17077       0.0331024      1535.32
  0.00294051      9.28254       0.0341863      1570.41
  0.00301402      9.39438       0.0353035      1605.99
  0.00308937      9.50629       0.0364549      1642.07
  0.00316661      9.61823       0.0376415      1678.65
  0.00324577       9.7302       0.0388643      1715.72
  0.00332691      9.84217       0.0401244      1753.29
  0.00341009      9.95413       0.0414229      1791.35
  0.00349534      10.0661       0.0427608      1829.92
  0.00358272      10.1779       0.0441393      1868.98
  0.00367229      10.2898       0.0455596      1908.54
   0.0037641      10.4015       0.0470228      1948.59
   0.0038582      10.5131       0.0485303      1989.14
  0.00395466      10.6247       0.0500832      2030.19
  0.00405352      10.7361       0.0516829      2071.73
  0.00415486      10.8473       0.0533307      2113.76
  0.00425873      10.9584       0.0550279      2156.29
   0.0043652      11.0693       0.0567761      2199.31
  0.00447433        11.18       0.0585766      2242.83
  0.00458619      11.2905        0.060431      2286.83
  0.00470084      11.4008       0.0623408      2331.33
  0.00481836      11.5109       0.0643075      2376.31
  0.00493882      11.6207       0.0663328      2421.79
  0.00506229      11.7302       0.0684184      2467.75
  0.00518885      11.8395       0.0705659      2514.19
  0.00531857      11.9484       0.0727772      2561.12
  0.00545154      12.0571       0.0750539      2608.54
  0.00558783      12.1655       0.0773981      2656.43
  0.00572752      12.2735       0.0798115      2704.81
  0.00587071      12.3812       0.0822962      2753.66
  0.00601748      12.4885       0.0848542      2802.99
  0.00616791      12.5954       0.0874875       2852.8
  0.00632211       12.702       0.0901983      2903.08
  0.00648016      12.8082       0.0929888      2953.83
  0.00664217       12.914       0.0958611      3005.06
  0.00680822      13.0194       0.0988176      3056.75
  0.00697843      13.1243        0.101861      3108.91
  0.00715289      13.2289        0.104993      3161.54
  0.00733171      13.3329        0.108217      3214.63
    0.007515      13.4366        0.111534      3268.18
  0.00770288      13.5398        0.114949      3322.19
  0.00789545      13.6425        0.118463      3376.66
  0.00809284      13.7447        0.122079      3431.58
  0.00829516      13.8465          0.1258      3486.96
  0.00850254      13.9477         0.12963      3542.79
   0.0087151      14.0485         0.13357      3599.07
  0.00893298      14.1487        0.137625       3655.8
   0.0091563      14.2485        0.141797      3712.97
  0.00938521      14.3477        0.146089      3770.59
  0.00961984      14.4464        0.150506      3828.65
  0.00986034      14.5445         0.15505      3887.15
   0.0101068      14.6421        0.159726      3946.08
   0.0103595      14.7392        0.164536      4005.46
   0.0106185      14.8357        0.169484      4065.26
    0.010884      14.9316        0.174575       4125.5
   0.0111561       15.027        0.179812      4186.17
    0.011435      15.1218        0.185199      4247.27
   0.0117208      15.2161        0.190741      4308.79
   0.0120139      15.3097        0.196442      4370.73
   0.0123142      15.4028        0.202306       4433.1
   0.0126221      15.4953        0.208338      4495.88
   0.0129376      15.5872        0.214542      4559.08
   0.0132611      15.6785        0.220923       4622.7
   0.0135926      15.7692        0.227487      4686.73
   0.0139324      15.8593        0.234238      4751.17
   0.0142807      15.9488        0.241181      4816.03
   0.0146377      16.0377        0.248322      4881.29
   0.0150037       16.126        0.255666      4946.95
   0.0153788      16.2136        0.263219      5013.02
   0.0157632      16.3007        0.270986      5079.49
   0.0161573      16.3871        0.278974      5146.36
   0.0165612      16.4729        0.287189      5213.63
   0.0169753      16.5581        0.295636      5281.29
   0.0173997      16.6427        0.304323      5349.35
   0.0178346      16.7267        0.313256       5417.8
   0.0182805        16.81        0.322441      5486.64
   0.0187375      16.8927        0.331886      5555.87
    0.019206      16.9748        0.341598      5625.49
   0.0196861      17.0562        0.351584      5695.49
   0.0201783      17.1371        0.361852      5765.88
   0.0206827      17.2173        0.372409      5836.65
   0.0211998      17.2968        0.383264       5907.8
   0.0217298      17.3758        0.394425      5979.33
    0.022273      17.4541        0.405899      6051.24
   0.0228299      17.5318        0.417696      6123.53
   0.0234006      17.6089        0.429825      6196.19
   0.0239856      17.6853        0.442295      6269.22
   0.0245853      17.7611        0.455114      6342.62
   0.0251999      17.8363        0.468294       6416.4
   0.0258299      17.9109        0.481843      6490.54
   0.0264756      17.9848        0.495771      6565.06
   0.0271375      18.0582         0.51009      6639.94
    0.027816      18.1309        0.524809      6715.18
   0.0285114       18.203        0.539941      6790.79
   0.0292241      18.2744        0.555495      6866.76
   0.0299547      18.3453        0.571484       6943.1
   0.0307036      18.4155         0.58792      7019.79
   0.0314712      18.4852        0.604815      7096.85
    0.032258      18.5542        0.622181      7174.26
   0.0330644      18.6226        0.640031      7252.03
   0.0338911      18.6904        0.658379      7330.16
   0.0347383      18.7576        0.677238      7408.65
   0.0356068      18.8242        0.696623      7487.49
    0.036497      18.8902        0.716546      7566.69
   0.0374094      18.9556        0.737025      7646.24
   0.0383446      19.0205        0.758072      7726.14
   0.0393032      19.0847        0.779705       7806.4
   0.0402858      19.1483        0.801939         7887
    0.041293      19.2114         0.82479      7967.96
   0.0423253      19.2739        0.848275      8049.27
   0.0433834      19.3357        0.872412      8130.93
    0.044468      19.3971        0.897218      8212.94
   0.0455797      19.4578        0.922712       8295.3
   0.0467192       19.518        0.948912      8378.01
   0.0478872      19.5775        0.975838      8461.06
   0.0490843      19.6366         1.00351      8544.47
   0.0503115       19.695         1.03195      8628.22
   0.0515692       19.753         1.06117      8712.32
   0.0528585      19.8103          1.0912      8796.77
   0.0541799      19.8671         1.12206      8881.56
   0.0555344      19.9234         1.15378      8966.71
   0.0569228      19.9791         1.18637       9052.2
   0.0583459      20.0342         1.21986      9138.03
   0.0598045      20.0888         1.25428      9224.22
   0.0612996      20.1429         1.28964      9310.75
   0.0628321      20.1965         1.32598      9397.62
   0.0644029      20.2495         1.36332      9484.85
    0.066013       20.302         1.40169      9572.42
   0.0676633       20.354         1.44112      9660.35
   0.0693549      20.4054         1.48163      9748.61
   0.0710888      20.4564         1.52326      9837.23
    0.072866      20.5068         1.56603       9926.2
   0.0746876      20.5567         1.60998      10015.5
   0.0765548      20.6062         1.65514      10105.2
   0.0784687      20.6551         1.70154      10195.2
   0.0804304      20.7035         1.74922      10285.6
   0.0824412      20.7514          1.7982      10376.3
   0.0845022      20.7989         1.84853      10467.3
   0.0866148      20.8458         1.90025      10558.8
   0.0887801      20.8923         1.95338      10650.5
   0.0909996      20.9383         2.00797      10742.7
   0.0932746      20.9838         2.06406      10835.1
   0.0956065      21.0289         2.12168        10928
   0.0979967      21.0734         2.18089      11021.2
    0.100447      21.1176         2.24172      11114.7
    0.102958      21.1612         2.30421      11208.6
    0.105532      21.2044         2.36842      11302.9
     0.10817      21.2472         2.43439      11397.5
    0.110874      21.2895         2.50216      11492.5
    0.113646      21.3313         2.57178      11587.8
    0.116487      21.3727         2.64331      11683.5
    0.119399      21.4137          2.7168      11779.6
    0.122384      21.4542          2.7923        11876
    0.125444      21.4944         2.86986      11972.8
     0.12858       21.534         2.94954        12070
    0.131795      21.5733          3.0314      12167.5
    0.135089      21.6121          3.1155      12265.4
    0.138467      21.6506         3.20189      12363.7
    0.141928      21.6886         3.29064      12462.4
    0.145477      21.7262         3.38182      12561.4
    0.149113      21.7634         3.47548      12660.8
    0.152841      21.8002          3.5717      12760.5
    0.156662      21.8366         3.67055      12860.7
    0.160579      21.8726         3.77209      12961.2
    0.164593      21.9082          3.8764      13062.1
    0.168708      21.9435         3.98355      13163.4
    0.172926      21.9783         4.09362      13265.1
    0.177249      22.0128         4.20669      13367.1
     0.18168      22.0469         4.32285      13469.6
    0.186222      22.0806         4.44217      13572.4
    0.190878      22.1139         4.56473      13675.6
     0.19565      22.1469         4.69064      13779.3
    0.200541      22.1795         4.81997      13883.3
    0.205555      22.2118         4.95282      13987.7
    0.210693      22.2437         5.08929      14092.5
    0.215961      22.2753         5.22947      14197.7
     0.22136      22.3065         5.37346      14303.3
    0.226894      22.3373         5.52137      14409.3
    0.232566      22.3679          5.6733      14515.7
     0.23838       22.398         5.82936      14622.5
     0.24434      22.4279         5.98966      14729.7
    0.250448      22.4574         6.15432      14837.4
     0.25671      22.4866         6.32346      14945.4
    0.263127      22.5154         6.49718      15053.9
    0.269705       22.544         6.67563      15162.8
    0.276448      22.5722         6.85892      15272.1
    0.283359      22.6001         7.04719      15381.8
    0.290443      22.6277         7.24057        15492
    0.297704       22.655          7.4392      15602.5
    0.305147      22.6819         7.64322      15713.5
    0.312776      22.7086         7.85277        15825
    0.320595       22.735         8.06802      15936.9
     0.32861       22.761         8.28909      16049.2
    0.336825      22.7868         8.51617      16161.9
    0.345246      22.8123          8.7494      16275.1
    0.353877      22.8375         8.98896      16388.7
    0.362724      22.8624         9.23501      16502.8
    0.371792       22.887         9.48773      16617.3
    0.381087      22.9114          9.7473      16732.3
    0.390614      22.9354         10.0139      16847.7
    0.400379      22.9592         10.2877      16963.6
    0.410389      22.9827          10.569      17079.9
    0.420648       23.006         10.8578      17196.7
    0.431165       23.029         11.1545        17314
    0.441944      23.0517         11.4592      17431.7
    0.452992      23.0742         11.7722      17549.9
    0.464317      23.0964         12.0936      17668.6
    0.475925      23.1184         12.4238      17787.7
    0.487823      23.1401         12.7628      17907.3
    0.500019      23.1615         13.1111      18027.4
    0.512519      23.1827         13.4688        18148
    0.525332      23.2037         13.8361      18269.1
    0.538466      23.2244         14.2134      18390.6
    0.551927      23.2449         14.6009      18512.7
    0.565725      23.2651         14.9989      18635.2
    0.579869      23.2852         15.4076      18758.3
    0.594365      23.3049         15.8274      18881.8
    0.609224      23.3245         16.2585      19005.8
    0.624455      23.3438         16.7013      19130.4
    0.640066      23.3629          17.156      19255.4
    0.656068      23.3818         17.6231        19381
     0.67247      23.4005         18.1027      19507.1
    0.689281      23.4189         18.5954      19633.7
    0.706514      23.4372         19.1013      19760.8
    0.724176      23.4552         19.6209      19888.5
    0.742281       23.473         20.1545      20016.6
    0.760838      23.4906         20.7026      20145.4
    0.779859       23.508         21.2654      20274.6
    0.799355      23.5252         21.8435      20404.4
    0.819339      23.5422         22.4371      20534.7
    0.839823       23.559         23.0468      20665.6
    0.860818      23.5756         23.6729        20797
    0.882339       23.592         24.3159      20928.9
    0.904397      23.6082         24.9763      21061.4
    0.927007      23.6242         25.6545      21194.5
    0.950182      23.6401         26.3511      21328.2
    0.973937      23.6557         27.0664      21462.4
    0.998285      23.6712          27.801      21597.1
     1.02324      23.6865         28.5554      21732.5
     1.04882      23.7016         29.3302      21868.4
     1.07504      23.7165         30.1258      22004.9
     1.10192      23.7313          30.943      22141.9
     1.12947      23.7459         31.7821      22279.6
      1.1577      23.7603         32.6439      22417.8
     1.18665      23.7745         33.5289      22556.7
     1.21631      23.7886         34.4378      22696.1
     1.24672      23.8025         35.3712      22836.2
     1.27789      23.8163         36.3298      22976.8
     1.30984      23.8298         37.3142        23118
     1.34258      23.8433         38.3251      23259.9
     1.37615      23.8565         39.3633      23402.4
     1.41055      23.8696         40.4294      23545.5
     1.44581      23.8826         41.5243      23689.2
     1.48196      23.8954         42.6486      23833.5
     1.51901       23.908         43.8033      23978.5
     1.55698      23.9205         44.9891      24124.1
     1.59591      23.9329         46.2068      24270.3
     1.63581      23.9451         47.4573      24417.2
      1.6767      23.9571         48.7415      24564.8
     1.71862      23.9691         50.0603      24712.9
     1.76158      23.9808         51.4146      24861.8
     1.80562      23.9925         52.8054      25011.3
     1.85076       24.004         54.2336      25161.4
     1.89703      24.0153         55.7003      25312.2
     1.94446      24.0265         57.2065      25463.7
     1.99307      24.0376         58.7532      25615.9
      2.0429      24.0486         60.3416      25768.7
     2.09397      24.0594         61.9727      25922.2
     2.14632      24.0701         63.6477      26076.4
     2.19998      24.0807         65.3678      26231.3
     2.25498      24.0911         67.1342      26386.9
     2.31135      24.1015         68.9481      26543.2
     2.36914      24.1117         70.8109      26700.2
     2.42836      24.1217         72.7238      26857.9
     2.48907      24.1317         74.6881      27016.3
      2.5513      24.1415         76.7053      27175.4
     2.61508      24.1513         78.7768      27335.3
     2.68046      24.1609          80.904      27495.8
     2.74747      24.1704         83.0885      27657.1
     2.81616      24.1797         85.3317      27819.2
     2.88656       24.189         87.6352      27981.9
     2.95873      24.1982         90.0007      28145.5
     3.03269      24.2072         92.4298      28309.7
     3.10851      24.2161         94.9243      28474.7
     3.18622       24.225         97.4858      28640.5
     3.26588      24.2337         100.116        28807
     3.34753      24.2423         102.817      28974.3
     3.43121      24.2508         105.591      29142.4
     3.51699      24.2592          108.44      29311.2
     3.60492      24.2676         111.365      29480.8
     3.69504      24.2758         114.368      29651.2
     3.78742      24.2839         117.452      29822.4
      3.8821      24.2919          120.62      29994.3
     3.97916      24.2998         123.872      30167.1
     4.07864      24.3077         127.212      30340.7
      4.1806      24.3154         130.642      30515.1
     4.28512       24.323         134.163      30690.2
     4.39224      24.3306          137.78      30866.3
     4.50205       24.338         141.494      31043.1
      4.6146      24.3454         145.307      31220.7
     4.72997      24.3527         149.223      31399.2
     4.84822      24.3599         153.244      31578.5
     4.96942       24.367         157.373      31758.7
     5.09366       24.374         161.614      31939.7
       5.221      24.3809         165.968      32121.5
     5.35152      24.3878         170.439      32304.3
     5.48531      24.3945          175.03      32487.8
     5.62244      24.4012         179.745      32672.3
     5.76301      24.4078         184.586      32857.6
     5.90708      24.4144         189.557      33043.8
     6.05476      24.4208         194.662      33230.8
     6.20613      24.4272         199.904      33418.8
